21st Place
7
34.0453190 -118.4966977 34.0443593 -118.4955823
34.0443593 -118.4955823 34.0438832 -118.4950204
34.0438832 -118.4950204 34.0423584 -118.4932390
34.0423584 -118.4932390 34.0406852 -118.4912844
34.0406852 -118.4912844 34.0391336 -118.4894718
34.0391336 -118.4894718 34.0382807 -118.4884756
34.0382807 -118.4884756 34.0379555 -118.4880916
21st Street
6
34.0461952 -118.4970513 34.0457128 -118.4964924
34.0446433 -118.4975646 34.0431928 -118.4958717
34.0431928 -118.4958717 34.0416598 -118.4940824
34.0416598 -118.4940824 34.0399937 -118.4921379
34.0399937 -118.4921379 34.0384409 -118.4903255
34.0384409 -118.4903255 34.0372630 -118.4889476